INTRA4X4_LUMA =
5,12,19,26
12,16,24,40
19,24,41,50
26,40,50,56

INTRA4X4_CHROMAU =
7,12,19,26
12,16,24,40
19,24,41,50
26,40,50,56

INTRA4X4_CHROMAV =
7,12,19,26
12,16,24,40
19,24,41,50
26,40,50,56

INTER4X4_LUMA =
11,18,30,43
18,22,40,50
30,40,50,52
43,50,52,55

INTER4X4_CHROMAU =
11,18,30,43
18,22,40,50
30,40,50,52
43,50,52,55

INTER4X4_CHROMAV =
11,18,30,43
18,22,40,50
30,40,50,52
43,50,52,55

INTRA8X8_LUMA =
11,12,14,17,20,25,26,26
12,13,15,18,24,25,26,28
14,15,17,19,25,35,37,37
17,18,19,21,40,37,40,41
20,24,25,40,41,41,41,43
25,25,35,37,41,42,43,44
26,26,37,40,41,43,46,48
26,28,37,41,43,44,48,50

INTRA8X8_CHROMAU =
11,12,14,17,20,25,26,26
12,13,15,18,24,25,26,28
14,15,17,19,25,35,37,37
17,18,19,21,40,37,40,41
20,24,25,40,41,41,41,43
25,25,35,37,41,42,43,44
26,26,37,40,41,43,46,48
26,28,37,41,43,44,48,50

INTRA8X8_CHROMAV =
11,12,14,17,20,25,26,26
12,13,15,18,24,25,26,28
14,15,17,19,25,35,37,37
17,18,19,21,40,37,40,41
20,24,25,40,41,41,41,43
25,25,35,37,41,42,43,44
26,26,37,40,41,43,46,48
26,28,37,41,43,44,48,50

INTER8X8_LUMA =
14,15,16,18,20,20,21,21
15,16,17,18,20,21,21,22
16,17,19,19,22,22,22,22
18,18,19,21,22,23,23,23
20,20,22,22,23,23,23,23
20,21,22,23,23,23,24,24
21,21,22,23,23,24,23,24
21,22,22,23,23,24,24,25

INTER8X8_CHROMAU =
14,15,16,18,20,20,21,21
15,16,17,18,20,21,21,22
16,17,19,19,22,22,22,22
18,18,19,21,22,23,23,23
20,20,22,22,23,23,23,23
20,21,22,23,23,23,24,24
21,21,22,23,23,24,23,24
21,22,22,23,23,24,24,25

INTER8X8_CHROMAV =
14,15,16,18,20,20,21,21
15,16,17,18,20,21,21,22
16,17,19,19,22,22,22,22
18,18,19,21,22,23,23,23
20,20,22,22,23,23,23,23
20,21,22,23,23,23,24,24
21,21,22,23,23,24,23,24
21,22,22,23,23,24,24,25

INTRA16X16_LUMA =
11,12,14,17,20,25,26,26
12,13,15,18,24,25,26,28
14,15,17,19,25,35,37,37
17,18,19,21,40,37,40,41
20,24,25,40,41,41,41,43
25,25,35,37,41,42,43,44
26,26,37,40,41,43,46,48
26,28,37,41,43,44,48,50

INTRA16X16_CHROMAU =
11,12,14,17,20,25,26,26
12,13,15,18,24,25,26,28
14,15,17,19,25,35,37,37
17,18,19,21,40,37,40,41
20,24,25,40,41,41,41,43
25,25,35,37,41,42,43,44
26,26,37,40,41,43,46,48
26,28,37,41,43,44,48,50

INTRA16X16_CHROMAV =
11,12,14,17,20,25,26,26
12,13,15,18,24,25,26,28
14,15,17,19,25,35,37,37
17,18,19,21,40,37,40,41
20,24,25,40,41,41,41,43
25,25,35,37,41,42,43,44
26,26,37,40,41,43,46,48
26,28,37,41,43,44,48,50

INTER16X16_LUMA =
11,12,14,17,20,25,26,26
12,13,15,18,24,25,26,28
14,15,17,19,25,35,37,37
17,18,19,21,40,37,40,41
20,24,25,40,41,41,41,43
25,25,35,37,41,42,43,44
26,26,37,40,41,43,46,48
26,28,37,41,43,44,48,50

INTER16X16_CHROMAU =
11,12,14,17,20,25,26,26
12,13,15,18,24,25,26,28
14,15,17,19,25,35,37,37
17,18,19,21,40,37,40,41
20,24,25,40,41,41,41,43
25,25,35,37,41,42,43,44
26,26,37,40,41,43,46,48
26,28,37,41,43,44,48,50

INTER16X16_CHROMAV =
11,12,14,17,20,25,26,26
12,13,15,18,24,25,26,28
14,15,17,19,25,35,37,37
17,18,19,21,40,37,40,41
20,24,25,40,41,41,41,43
25,25,35,37,41,42,43,44
26,26,37,40,41,43,46,48
26,28,37,41,43,44,48,50

INTRA32X32_LUMA =
11,12,14,17,20,25,26,26
12,13,15,18,24,25,26,28
14,15,17,19,25,35,37,37
17,18,19,21,40,37,40,41
20,24,25,40,41,41,41,43
25,25,35,37,41,42,43,44
26,26,37,40,41,43,46,48
26,28,37,41,43,44,48,50

INTER32X32_LUMA =
11,12,14,17,20,25,26,26
12,13,15,18,24,25,26,28
14,15,17,19,25,35,37,37
17,18,19,21,40,37,40,41
20,24,25,40,41,41,41,43
25,25,35,37,41,42,43,44
26,26,37,40,41,43,46,48
26,28,37,41,43,44,48,50

INTRA16X16_LUMA_DC =
2

INTRA16X16_CHROMAU_DC =
6

INTRA16X16_CHROMAV_DC =
6

INTER16X16_LUMA_DC =
4

INTER16X16_CHROMAU_DC =
9

INTER16X16_CHROMAV_DC =
9

INTRA32X32_LUMA_DC =
6

INTER32X32_LUMA_DC =
1
