INTRA4X4_LUMA =
9,9,12,22,
8,12,24,31,
12,16,30,35,
13,17,32,38

INTRA4X4_CHROMAU =
6,9,12,22,
8,12,24,31,
12,16,30,35,
13,17,32,38

INTRA4X4_CHROMAV =
6,9,12,22,
8,12,24,31,
12,16,30,35,
13,17,32,38

INTER4X4_LUMA =
10,15,26,39,
13,18,39,49,
16,29,50,58,
23,42,56,62

INTER4X4_CHROMAU =
10,15,26,39,
13,18,39,49,
16,29,50,58,
23,42,56,62

INTER4X4_CHROMAV =
10,15,26,39,
13,18,39,49,
16,29,50,58,
23,42,56,62

INTRA8X8_LUMA =
6,6,8,12,18,20,22,22,
6,7,9,16,22,25,26,27,
6,8,11,20,32,36,38,38,
7,9,12,22,43,48,50,51,
8,11,17,28,49,57,60,60,
9,14,20,38,56,62,65,66,
11,16,22,42,55,64,67,68,
11,16,26,44,59,65,68,69

INTRA8X8_CHROMAU =
6,6,8,12,18,20,22,22,
6,7,9,16,22,25,26,27,
6,8,11,20,32,36,38,38,
7,9,12,22,43,48,50,51,
8,11,17,28,49,57,60,60,
9,14,20,38,56,62,65,66,
11,16,22,42,55,64,67,68,
11,16,26,44,59,65,68,69

INTRA8X8_CHROMAV =
6,6,8,12,18,20,22,22,
6,7,9,16,22,25,26,27,
6,8,11,20,32,36,38,38,
7,9,12,22,43,48,50,51,
8,11,17,28,49,57,60,60,
9,14,20,38,56,62,65,66,
11,16,22,42,55,64,67,68,
11,16,26,44,59,65,68,69

INTER8X8_LUMA =
10,10,15,25,32,36,40,42,
10,13,17,26,35,41,45,46,
12,14,21,28,39,46,54,58,
13,17,26,36,48,54,60,65,
17,22,36,44,56,62,70,72,
20,25,39,48,61,67,73,75,
22,27,42,54,64,73,76,77,
24,27,43,57,67,74,76,77

INTER8X8_CHROMAU =
10,10,15,25,32,36,40,42,
10,13,17,26,35,41,45,46,
12,14,21,28,39,46,54,58,
13,17,26,36,48,54,60,65,
17,22,36,44,56,62,70,72,
20,25,39,48,61,67,73,75
22,27,42,54,64,73,76,77,
24,27,43,57,67,74,76,77

INTER8X8_CHROMAV =
10,10,15,25,32,36,40,42,
10,13,17,26,35,41,45,46,
12,14,21,28,39,46,54,58,
13,17,26,36,48,54,60,65,
17,22,36,44,56,62,70,72,
20,25,39,48,61,67,73,75,
22,27,42,54,64,73,76,77,
24,27,43,57,67,74,76,77

INTRA16X16_LUMA =
10,10,15,25,32,36,40,42,
10,13,17,26,35,41,45,46,
12,14,21,28,39,46,54,58,
13,17,26,36,48,54,60,65,
17,22,36,44,56,62,70,72,
20,25,39,48,61,67,73,75,
22,27,42,54,64,73,76,77,
24,27,43,57,67,74,76,77

INTRA16X16_CHROMAU =
10,10,15,25,32,36,40,42,
10,13,17,26,35,41,45,46,
12,14,21,28,39,46,54,58,
13,17,26,36,48,54,60,65,
17,22,36,44,56,62,70,72,
20,25,39,48,61,67,73,75,
22,27,42,54,64,73,76,77,
24,27,43,57,67,74,76,77

INTRA16X16_CHROMAV =
10,10,15,25,32,36,40,42,
10,13,17,26,35,41,45,46,
12,14,21,28,39,46,54,58,
13,17,26,36,48,54,60,65,
17,22,36,44,56,62,70,72,
20,25,39,48,61,67,73,75,
22,27,42,54,64,73,76,77,
24,27,43,57,67,74,76,77

INTER16X16_LUMA =
10,10,15,25,32,36,40,42,
10,13,17,26,35,41,45,46,
12,14,21,28,39,46,54,58,
13,17,26,36,48,54,60,65,
17,22,36,44,56,62,70,72,
20,25,39,48,61,67,73,75,
22,27,42,54,64,73,76,77,
24,27,43,57,67,74,76,77

INTER16X16_CHROMAU =
10,10,15,25,32,36,40,42,
10,13,17,26,35,41,45,46,
12,14,21,28,39,46,54,58,
13,17,26,36,48,54,60,65,
17,22,36,44,56,62,70,72,
20,25,39,48,61,67,73,75,
22,27,42,54,64,73,76,77,
24,27,43,57,67,74,76,77

INTER16X16_CHROMAV =
10,10,15,25,32,36,40,42,
10,13,17,26,35,41,45,46,
12,14,21,28,39,46,54,58,
13,17,26,36,48,54,60,65,
17,22,36,44,56,62,70,72,
20,25,39,48,61,67,73,75,
22,27,42,54,64,73,76,77,
24,27,43,57,67,74,76,77

INTRA32X32_LUMA =
10,10,15,25,32,36,40,42,
10,13,17,26,35,41,45,46,
12,14,21,28,39,46,54,58,
13,17,26,36,48,54,60,65,
17,22,36,44,56,62,70,72,
20,25,39,48,61,67,73,75,
22,27,42,54,64,73,76,77,
24,27,43,57,67,74,76,77

INTER32X32_LUMA =
10,10,15,25,32,36,40,42,
10,13,17,26,35,41,45,46,
12,14,21,28,39,46,54,58,
13,17,26,36,48,54,60,65,
17,22,36,44,56,62,70,72,
20,25,39,48,61,67,73,75,
22,27,42,54,64,73,76,77,
24,27,43,57,67,74,76,77

INTRA16X16_LUMA_DC =
2

INTRA16X16_CHROMAU_DC =
6

INTRA16X16_CHROMAV_DC =
6

INTER16X16_LUMA_DC =
4

INTER16X16_CHROMAU_DC =
9

INTER16X16_CHROMAV_DC =
9

INTRA32X32_LUMA_DC =
6

INTER32X32_LUMA_DC =
1
