INTRA4X4_LUMA =
16,11,16,28
9,16,26,33
19,31,44,52
16,47,80,73

INTRA4X4_CHROMAU =
13,11,16,28
9,16,26,33
19,31,44,52
16,47,80,73

INTRA4X4_CHROMAV =
13,11,16,28
9,16,26,33
19,31,44,52
16,47,80,73

INTER4X4_LUMA =
14,19,36,28
16,20,63,31
18,43,41,25
44,25,27,93

INTER4X4_CHROMAU =
14,19,36,28
16,20,63,31
18,43,41,25
44,25,27,93

INTER4X4_CHROMAV =
14,19,36,28
16,20,63,31
18,43,41,25
44,25,27,93

INTRA8X8_LUMA =
11,12,11,19,31,30,34,48
6,8,15,18,45,17,37,43
11,15,19,16,45,64,63,56
19,18,22,18,45,93,95,40
29,17,21,104,44,38,99,43
26,25,25,64,65,50,83,54
51,41,30,100,25,46,103,137
39,35,68,56,116,21,68,18

INTRA8X8_CHROMAU =
11,12,11,19,31,30,34,48
6,8,15,18,45,17,37,43
11,15,19,16,45,64,63,56
19,18,22,18,45,93,95,40
29,17,21,104,44,38,99,43
26,25,25,64,65,50,83,54
51,41,30,100,25,46,103,137
39,35,68,56,116,21,68,18

INTRA8X8_CHROMAV =
11,12,11,19,31,30,34,48
6,8,15,18,45,17,37,43
11,15,19,16,45,64,63,56
19,18,22,18,45,93,95,40
29,17,21,104,44,38,99,43
26,25,25,64,65,50,83,54
51,41,30,100,25,46,103,137
39,35,68,56,116,21,68,18

INTER8X8_LUMA =
9,15,16,30,24,39,42,18
15,17,23,36,30,37,70,42
17,27,27,29,58,46,22,41
31,21,46,55,24,58,28,49
34,50,56,42,80,45,62,17
41,16,53,29,55,57,75,62
26,17,45,29,88,65,52,72
44,60,69,33,39,58,62,57

INTER8X8_CHROMAU =
9,15,16,30,24,39,42,18
15,17,23,36,30,37,70,42
17,27,27,29,58,46,22,41
31,21,46,55,24,58,28,49
34,50,56,42,80,45,62,17
41,16,53,29,55,57,75,62
26,17,45,29,88,65,52,72
44,60,69,33,39,58,62,57

INTER8X8_CHROMAV =
9,15,16,30,24,39,42,18
15,17,23,36,30,37,70,42
17,27,27,29,58,46,22,41
31,21,46,55,24,58,28,49
34,50,56,42,80,45,62,17
41,16,53,29,55,57,75,62
26,17,45,29,88,65,52,72
44,60,69,33,39,58,62,57

INTRA16X16_LUMA =
2,13,15,11,11,15,17,23,
10,10,14,12,12,16,18,18,
15,12,6,10,14,17,23,29,
11,8,14,11,14,18,20,24,
11,15,15,14,18,19,16,21,
15,16,16,18,16,19,16,28,
17,16,18,23,21,16,17,20,
16,26,25,25,16,26,36,38


INTRA16X16_CHROMAU =
54,57,81,81,84,93,96,36
33,40,17,27,33,42,107,112,
26,36,18,27,53,41,98,18,
18,42,39,60,32,19,93,26,
42,42,18,60,77,104,23,69,
17,45,30,32,60,24,90,58,
28,27,33,66,32,97,115,19,
38,29,58,59,35,21,64,42

INTRA16X16_CHROMAV =
22,28,21,23,26,44,32,87,
33,40,17,27,33,42,107,112,
26,36,18,27,53,41,98,18,
18,42,39,60,32,19,93,26,
42,42,18,60,77,104,23,69,
17,45,30,32,60,24,90,58,
28,27,33,66,32,97,115,19,
25,123,81,93,116,29,58,30

INTER16X16_LUMA =
3,15,14,16,18,16,26,37,
9,13,16,16,17,23,32,19,
14,16,17,17,22,21,21,38,
16,17,17,21,17,17,29,47,
16,16,24,23,30,21,45,22,
25,22,24,32,34,40,29,63,
20,16,36,28,34,38,46,40,
41,30,36,42,18,44,50,41

INTER16X16_CHROMAU =
3,15,14,16,18,16,26,37,
9,13,16,16,17,23,32,19,
14,16,17,17,22,21,21,38,
16,17,17,21,17,17,29,47,
16,16,24,23,30,21,45,22,
25,22,24,32,34,40,29,63,
20,16,36,28,34,38,46,40,
41,30,36,42,18,44,50,41


INTER16X16_CHROMAV =
3,15,14,16,18,16,26,37,
9,13,16,16,17,23,32,19,
14,16,17,17,22,21,21,38,
16,17,17,21,17,17,29,47,
16,16,24,23,30,21,45,22,
25,22,24,32,34,40,29,63,
20,16,36,28,34,38,46,40,
41,30,36,42,18,44,50,41

INTRA32X32_LUMA =
5,12,5,10,8,2,5,14,
11,2,12,4,10,2,13,15,
14,11,12,2,3,15,8,8,
2,9,3,10,2,12,8,14,
4,15,10,15,4,12,6,14,
7,12,11,14,10,15,10,10,
11,12,4,7,14,14,15,14,
12,14,14,9,13,14,15,15

INTER32X32_LUMA =
3,8,12,14,14,16,16,17,
11,6,11,14,14,16,17,19,
10,10,13,15,16,16,16,17,
11,12,13,15,16,16,16,19,
14,15,16,16,17,16,18,17,
16,16,16,16,16,16,18,17,
17,17,17,17,19,21,19,17,
19,16,17,17,16,16,24,34

INTRA16X16_LUMA_DC =
2

INTRA16X16_CHROMAU_DC =
6

INTRA16X16_CHROMAV_DC =
6

INTER16X16_LUMA_DC =
8

INTER16X16_CHROMAU_DC =
10

INTER16X16_CHROMAV_DC =
10

INTRA32X32_LUMA_DC =
0

INTER32X32_LUMA_DC =
16
