INTRA4X4_LUMA =
8,5,10,25
4,10,28,38
10,16,37,44
11,17,40,49

INTRA4X4_CHROMAU =
1,5,10,25
4,10,28,38
10,16,37,44
11,17,40,49

INTRA4X4_CHROMAV =
1,5,10,25
4,10,28,38
10,16,37,44
11,17,40,49

INTER4X4_LUMA =
8,14,28,43
12,18,43,55
16,31,56,66
24,47,64,71

INTER4X4_CHROMAU =
8,14,28,43
12,18,43,55
16,31,56,66
24,47,64,71

INTER4X4_CHROMAV =
8,14,28,43
12,18,43,55
16,31,56,66
24,47,64,71

INTRA8X8_LUMA =
6,6,8,12,18,20,22,22
6,7,9,16,22,25,26,27
6,8,11,20,32,36,38,38
7,9,12,22,43,48,50,51
8,11,17,28,49,57,60,60
9,14,20,38,56,62,65,66
11,16,22,42,55,64,67,68
11,16,26,44,59,65,68,69

INTRA8X8_CHROMAU =
6,6,8,12,18,20,22,22
6,7,9,16,22,25,26,27
6,8,11,20,32,36,38,38
7,9,12,22,43,48,50,51
8,11,17,28,49,57,60,60
9,14,20,38,56,62,65,66
11,16,22,42,55,64,67,68
11,16,26,44,59,65,68,69

INTRA8X8_CHROMAV =
6,6,8,12,18,20,22,22
6,7,9,16,22,25,26,27
6,8,11,20,32,36,38,38
7,9,12,22,43,48,50,51
8,11,17,28,49,57,60,60
9,14,20,38,56,62,65,66
11,16,22,42,55,64,67,68
11,16,26,44,59,65,68,69

INTER8X8_LUMA =
10,10,15,25,32,36,40,42
10,13,17,26,35,41,45,46
12,14,21,28,39,46,54,58
13,17,26,36,48,54,60,65
17,22,36,44,56,62,70,72
20,25,39,48,61,67,73,75
22,27,42,54,64,73,76,77
24,27,43,57,67,74,76,77

INTER8X8_CHROMAU =
10,10,15,25,32,36,40,42
10,13,17,26,35,41,45,46
12,14,21,28,39,46,54,58
13,17,26,36,48,54,60,65
17,22,36,44,56,62,70,72
20,25,39,48,61,67,73,75
22,27,42,54,64,73,76,77
24,27,43,57,67,74,76,77

INTER8X8_CHROMAV =
10,10,15,25,32,36,40,42
10,13,17,26,35,41,45,46
12,14,21,28,39,46,54,58
13,17,26,36,48,54,60,65
17,22,36,44,56,62,70,72
20,25,39,48,61,67,73,75
22,27,42,54,64,73,76,77
24,27,43,57,67,74,76,77

INTRA16X16_LUMA =
13,13,13,13,13,13,14,15,16,16,17,17,17,17,17,17
13,13,13,13,13,14,15,15,16,17,17,17,17,18,18,18
13,13,13,13,13,14,15,16,17,18,18,18,19,19,19,19
13,13,13,13,13,14,16,17,18,19,19,19,20,20,20,20
13,13,13,13,14,15,16,18,19,21,21,21,22,22,22,22
13,13,13,13,14,15,16,18,21,22,23,23,23,23,24,24
13,13,13,14,14,15,16,19,22,24,25,25,25,25,25,25
13,13,13,14,15,15,17,19,23,25,26,26,26,27,27,27
13,13,14,14,15,16,18,20,24,26,27,28,28,28,28,28
13,13,14,15,16,17,19,22,25,27,28,28,29,29,29,29
13,14,15,15,16,18,20,23,26,28,29,29,30,30,30,30
13,14,15,16,16,19,21,24,27,28,29,29,30,30,31,31
14,15,16,16,17,19,22,25,27,28,29,30,31,31,31,31
14,15,16,16,17,19,22,25,27,28,29,30,31,31,31,31
14,15,16,16,18,20,23,25,27,28,30,30,31,31,31,31
14,15,16,16,18,20,23,25,28,29,30,30,31,31,31,31

INTRA16X16_CHROMAU =
13,13,13,13,13,13,14,15,16,16,17,17,17,17,17,17
13,13,13,13,13,14,15,15,16,17,17,17,17,18,18,18
13,13,13,13,13,14,15,16,17,18,18,18,19,19,19,19
13,13,13,13,13,14,16,17,18,19,19,19,20,20,20,20
13,13,13,13,14,15,16,18,19,21,21,21,22,22,22,22
13,13,13,13,14,15,16,18,21,22,23,23,23,23,24,24
13,13,13,14,14,15,16,19,22,24,25,25,25,25,25,25
13,13,13,14,15,15,17,19,23,25,26,26,26,27,27,27
13,13,14,14,15,16,18,20,24,26,27,28,28,28,28,28
13,13,14,15,16,17,19,22,25,27,28,28,29,29,29,29
13,14,15,15,16,18,20,23,26,28,29,29,30,30,30,30
13,14,15,16,16,19,21,24,27,28,29,29,30,30,31,31
14,15,16,16,17,19,22,25,27,28,29,30,31,31,31,31
14,15,16,16,17,19,22,25,27,28,29,30,31,31,31,31
14,15,16,16,18,20,23,25,27,28,30,30,31,31,31,31
14,15,16,16,18,20,23,25,28,29,30,30,31,31,31,31

INTRA16X16_CHROMAV =
13,13,13,13,13,13,14,15,16,16,17,17,17,17,17,17
13,13,13,13,13,14,15,15,16,17,17,17,17,18,18,18
13,13,13,13,13,14,15,16,17,18,18,18,19,19,19,19
13,13,13,13,13,14,16,17,18,19,19,19,20,20,20,20
13,13,13,13,14,15,16,18,19,21,21,21,22,22,22,22
13,13,13,13,14,15,16,18,21,22,23,23,23,23,24,24
13,13,13,14,14,15,16,19,22,24,25,25,25,25,25,25
13,13,13,14,15,15,17,19,23,25,26,26,26,27,27,27
13,13,14,14,15,16,18,20,24,26,27,28,28,28,28,28
13,13,14,15,16,17,19,22,25,27,28,28,29,29,29,29
13,14,15,15,16,18,20,23,26,28,29,29,30,30,30,30
13,14,15,16,16,19,21,24,27,28,29,29,30,30,31,31
14,15,16,16,17,19,22,25,27,28,29,30,31,31,31,31
14,15,16,16,17,19,22,25,27,28,29,30,31,31,31,31
14,15,16,16,18,20,23,25,27,28,30,30,31,31,31,31
14,15,16,16,18,20,23,25,28,29,30,30,31,31,31,31

INTER16X16_LUMA =
14,14,14,15,15,16,17,18,19,19,19,20,20,20,21,21
14,14,15,15,15,16,17,18,19,19,20,20,21,21,21,21
14,15,15,15,16,16,17,18,19,20,20,21,21,21,22,22
15,15,15,15,16,17,17,18,19,20,21,21,22,22,22,23
15,15,15,16,16,17,18,18,20,20,21,22,22,23,24,24
15,15,15,16,17,17,18,19,20,21,22,22,23,24,24,25
15,15,16,16,17,18,19,20,21,22,23,23,24,24,25,25
15,15,16,17,18,19,20,21,22,23,23,24,25,25,26,26
16,16,16,18,19,20,21,22,23,24,24,25,26,26,27,27
16,16,17,18,20,20,21,22,23,24,25,25,26,27,27,27
16,16,17,18,20,21,21,23,24,25,25,26,26,27,27,27
16,17,17,18,20,21,22,23,24,25,26,26,27,27,27,27
17,17,18,19,20,21,22,23,25,25,26,27,27,27,28,28
17,17,18,19,20,22,23,24,25,26,27,27,28,28,28,28
17,17,18,19,21,22,23,24,25,26,27,27,28,28,28,28
17,17,18,19,21,22,23,24,25,26,27,27,28,28,28,28

INTER16X16_CHROMAU =
14,14,14,15,15,16,17,18,19,19,19,20,20,20,21,21
14,14,15,15,15,16,17,18,19,19,20,20,21,21,21,21
14,15,15,15,16,16,17,18,19,20,20,21,21,21,22,22
15,15,15,15,16,17,17,18,19,20,21,21,22,22,22,23
15,15,15,16,16,17,18,18,20,20,21,22,22,23,24,24
15,15,15,16,17,17,18,19,20,21,22,22,23,24,24,25
15,15,16,16,17,18,19,20,21,22,23,23,24,24,25,25
15,15,16,17,18,19,20,21,22,23,23,24,25,25,26,26
16,16,16,18,19,20,21,22,23,24,24,25,26,26,27,27
16,16,17,18,20,20,21,22,23,24,25,25,26,27,27,27
16,16,17,18,20,21,21,23,24,25,25,26,26,27,27,27
16,17,17,18,20,21,22,23,24,25,26,26,27,27,27,27
17,17,18,19,20,21,22,23,25,25,26,27,27,27,28,28
17,17,18,19,20,22,23,24,25,26,27,27,28,28,28,28
17,17,18,19,21,22,23,24,25,26,27,27,28,28,28,28
17,17,18,19,21,22,23,24,25,26,27,27,28,28,28,28

INTER16X16_CHROMAV =
14,14,14,15,15,16,17,18,19,19,19,20,20,20,21,21
14,14,15,15,15,16,17,18,19,19,20,20,21,21,21,21
14,15,15,15,16,16,17,18,19,20,20,21,21,21,22,22
15,15,15,15,16,17,17,18,19,20,21,21,22,22,22,23
15,15,15,16,16,17,18,18,20,20,21,22,22,23,24,24
15,15,15,16,17,17,18,19,20,21,22,22,23,24,24,25
15,15,16,16,17,18,19,20,21,22,23,23,24,24,25,25
15,15,16,17,18,19,20,21,22,23,23,24,25,25,26,26
16,16,16,18,19,20,21,22,23,24,24,25,26,26,27,27
16,16,17,18,20,20,21,22,23,24,25,25,26,27,27,27
16,16,17,18,20,21,21,23,24,25,25,26,26,27,27,27
16,17,17,18,20,21,22,23,24,25,26,26,27,27,27,27
17,17,18,19,20,21,22,23,25,25,26,27,27,27,28,28
17,17,18,19,20,22,23,24,25,26,27,27,28,28,28,28
17,17,18,19,21,22,23,24,25,26,27,27,28,28,28,28
17,17,18,19,21,22,23,24,25,26,27,27,28,28,28,28

INTRA32X32_LUMA =
2,2,2,2,2,2,2,2,2,2,2,2,4,6,8,13,16,20,20,23,23,25,25,25,28,30,30,30,30,30,30,30
2,2,2,2,2,2,2,2,2,2,2,2,4,8,11,13,16,20,20,23,23,25,25,25,28,30,30,30,30,30,30,30
2,2,2,2,2,2,2,2,2,2,2,4,6,8,11,16,18,23,23,25,25,28,28,28,30,32,32,32,32,32,32,32
2,2,2,2,2,2,2,2,2,2,2,4,8,11,13,18,20,25,25,28,30,32,32,32,35,35,35,35,35,37,37,37
2,2,2,2,2,2,2,2,2,2,4,6,11,16,18,23,23,28,28,30,32,35,35,35,37,37,37,37,37,40,40,40
2,2,2,2,2,2,2,2,2,2,4,6,13,18,20,25,28,32,32,35,37,40,40,40,42,42,42,42,42,44,44,44
2,2,2,2,2,2,2,2,2,2,6,8,13,20,23,30,32,37,37,40,42,44,44,44,47,49,49,49,49,49,49,49
2,2,2,2,2,2,2,2,2,2,8,11,16,23,25,32,37,42,44,47,49,52,52,52,54,56,56,56,56,56,56,56
2,2,2,2,2,2,2,2,2,4,8,13,18,25,28,37,42,47,52,54,56,59,59,59,61,64,64,64,64,64,64,64
2,2,2,2,2,2,2,2,2,4,8,13,18,25,30,40,49,54,59,61,64,66,66,66,68,71,71,71,71,71,71,71
2,2,2,2,2,2,2,2,2,4,8,13,18,25,32,44,54,59,64,68,71,73,71,71,73,78,78,78,78,78,78,78
2,2,2,2,2,2,2,2,2,4,8,13,18,28,35,47,59,66,71,76,78,80,78,78,80,83,83,83,83,85,85,85
2,2,2,2,2,2,2,2,2,4,8,13,20,28,37,49,64,71,78,83,85,85,85,85,88,90,90,90,90,92,92,92
2,2,2,2,2,2,2,2,4,6,8,13,20,30,40,52,66,76,83,90,92,92,92,92,95,97,97,97,97,100,100,100
2,2,2,2,2,2,2,4,6,8,11,16,23,32,42,54,68,78,88,95,97,97,97,97,100,102,102,102,102,104,104,104
2,2,2,2,2,2,4,4,8,11,13,18,25,35,44,56,71,83,90,97,100,102,102,104,107,109,109,109,109,109,109,109
2,2,2,2,2,4,6,8,11,13,18,20,28,37,47,59,73,85,95,100,104,107,109,109,112,114,114,114,114,114,114,114
2,2,2,2,4,6,8,11,16,16,20,25,32,42,52,64,76,88,97,102,107,109,112,114,116,119,119,119,119,119,119,119
2,2,2,2,4,6,8,11,16,20,25,30,37,47,56,68,80,92,102,107,112,114,116,119,121,124,124,124,124,124,124,124
2,2,2,4,6,8,11,13,18,23,28,35,42,52,61,76,85,97,104,109,114,116,119,121,124,126,126,126,128,126,126,126
2,2,2,4,8,8,11,16,20,25,30,37,47,56,68,80,92,102,109,114,119,121,121,126,128,128,131,131,131,131,131,131
2,2,4,4,8,11,13,18,20,28,32,42,54,64,73,88,97,107,114,116,121,124,124,126,128,131,131,131,133,133,133,133
2,2,4,6,11,11,13,18,20,28,35,44,56,66,78,90,100,109,114,119,124,126,126,128,131,131,133,133,136,136,136,136
2,4,6,8,13,11,13,18,20,28,37,47,61,68,80,92,102,109,114,119,124,128,128,131,133,133,136,136,136,138,138,138
2,4,6,11,13,13,16,18,23,30,40,49,64,71,83,95,102,109,114,119,124,128,128,131,133,136,136,136,138,138,138,138
4,6,8,11,16,16,16,20,23,30,40,52,64,73,85,95,102,107,112,116,124,128,131,133,136,136,138,138,138,140,140,140
4,6,8,13,16,16,18,20,25,32,42,54,66,76,85,95,102,107,112,116,124,128,131,133,136,138,138,138,138,140,140,140
4,6,8,13,16,16,18,20,28,35,44,56,66,76,85,95,102,107,112,116,124,128,131,133,136,138,138,138,138,140,140,140
4,6,8,13,16,18,20,23,30,37,44,56,68,78,88,97,104,109,114,119,126,128,131,133,136,138,138,138,140,140,140,140
4,6,8,13,16,18,20,25,32,40,47,59,71,80,88,97,107,112,116,121,126,131,133,136,138,138,140,140,140,143,143,143
4,6,8,11,16,18,23,28,35,42,49,61,71,83,90,100,109,116,121,126,128,131,133,136,138,138,140,140,143,143,143,143
4,6,8,11,16,18,23,28,35,42,49,61,71,83,90,100,109,116,121,126,128,131,133,136,138,138,140,140,143,143,143,143

INTER32X32_LUMA =
2,2,2,2,2,2,2,3,9,12,22,28,38,44,51,57,60,67,67,70,73,76,80,83,86,89,92,92,96,99,99,99
2,2,2,2,2,2,2,3,9,12,22,28,38,44,51,57,60,67,70,73,76,80,83,86,89,92,92,92,96,99,99,99
2,2,2,2,2,2,3,6,12,16,22,28,38,44,51,57,64,70,73,73,80,83,86,89,92,96,96,96,99,102,102,102
2,2,2,2,3,3,6,9,12,16,22,32,41,48,54,60,64,70,76,80,83,86,89,92,96,99,102,102,105,105,105,105
2,2,2,3,6,6,9,12,16,19,25,32,41,48,54,60,67,73,80,83,89,92,96,99,99,102,105,105,108,108,108,108
2,2,2,3,6,6,9,12,16,19,25,32,41,48,54,60,67,73,80,86,92,96,99,102,105,108,112,112,115,115,115,115
2,2,2,3,9,9,12,16,19,22,28,35,41,48,54,64,70,76,83,86,92,99,102,105,112,115,118,121,124,124,124,124
2,2,3,6,9,9,12,19,22,25,32,35,44,51,57,64,70,80,86,92,96,102,105,112,115,121,128,128,131,134,134,134
3,3,3,6,9,12,16,22,25,28,35,38,44,51,57,67,73,83,89,96,99,105,108,115,121,128,134,137,140,140,144,144
3,3,3,6,9,12,16,22,28,32,38,41,48,54,60,70,76,86,92,99,102,108,112,118,124,131,137,140,144,147,153,153
3,3,3,6,9,12,19,25,32,35,41,44,51,60,67,76,83,92,99,105,108,115,118,124,131,137,144,147,150,153,156,156
3,3,6,9,12,16,22,25,32,38,44,51,57,67,73,83,89,99,105,112,115,121,124,128,134,140,147,150,153,160,163,163
6,6,6,9,12,19,25,28,35,41,51,57,64,73,80,89,99,108,115,121,124,128,131,134,140,144,150,153,156,163,169,169
6,6,9,12,16,22,28,35,41,48,57,64,70,80,86,96,105,115,121,128,131,134,137,140,147,150,156,160,163,169,172,172
9,9,12,16,19,25,32,41,48,54,64,70,76,86,92,102,112,121,128,134,137,140,144,147,153,156,163,166,169,172,176,176
9,9,16,19,22,32,38,48,54,64,70,76,83,92,99,108,118,128,134,137,144,147,150,153,160,163,169,172,176,182,182,182
16,16,19,22,25,35,44,54,64,73,80,83,89,99,105,115,124,134,140,144,150,153,156,160,166,172,179,182,185,188,188,188
19,19,22,25,28,38,48,60,70,80,86,89,96,102,108,118,128,137,144,147,153,156,160,166,172,179,185,188,192,192,192,192
19,19,22,25,32,41,54,67,76,86,92,96,102,108,115,124,134,144,150,153,160,163,166,172,179,185,192,195,198,198,195,195
22,22,25,28,35,44,54,67,80,89,96,99,105,108,115,128,137,147,153,156,163,166,169,176,182,188,195,198,198,198,198,198
25,25,28,32,38,48,57,70,80,89,96,102,105,112,118,131,140,150,156,163,166,169,172,176,185,192,195,198,201,201,201,201
28,28,32,35,41,51,60,70,83,92,99,102,108,115,121,134,144,153,160,166,169,172,176,179,185,192,198,201,201,204,204,204
28,28,32,35,41,51,60,70,83,92,99,105,112,118,124,137,147,156,163,169,172,176,179,182,188,195,198,201,201,204,204,204
32,32,35,38,44,54,64,73,83,96,102,108,115,121,128,140,150,160,166,172,176,182,185,185,192,198,201,201,201,208,208,208
32,32,35,38,44,54,64,73,86,96,105,112,121,128,134,144,153,160,166,176,182,185,188,192,198,201,204,204,204,208,208,208
32,32,38,41,48,57,67,76,89,99,108,118,124,131,137,147,156,163,169,176,185,192,195,198,201,204,204,208,208,211,211,211
35,35,38,41,48,57,67,80,89,102,112,121,131,137,144,150,160,166,172,179,188,195,198,201,204,208,208,208,208,211,211,211
35,35,38,41,48,57,67,80,89,102,115,124,134,140,147,153,163,169,176,179,192,195,198,204,204,208,208,208,208,211,211,211
38,38,41,44,48,57,67,80,92,105,115,124,134,144,150,156,163,169,176,182,192,198,201,204,204,208,208,208,208,211,211,211
38,38,41,44,48,54,67,80,92,105,118,128,137,144,150,160,166,172,179,185,195,198,201,204,204,208,208,208,208,211,211,211
41,41,41,44,48,54,67,80,92,105,118,128,137,147,153,163,169,176,182,188,195,198,201,204,204,208,208,208,208,211,211,211
41,41,41,44,48,54,67,80,92,105,118,128,137,147,153,163,169,176,182,188,195,198,201,204,204,208,208,208,208,211,211,211

